CHECK
0 0 nan 0.500000
1 0 0.000000 0.400000
2 0 0.000000 0.333333
3 0 0.000000 0.285714
4 0 0.000000 0.250000
5 1 0.200000 0.333333
6 1 0.166667 0.300000
7 1 0.142857 0.272727
8 1 0.125000 0.250000
9 1 0.111111 0.230769
10 2 0.200000 0.285714
11 2 0.181818 0.266667
12 2 0.166667 0.250000
13 2 0.153846 0.235294
14 2 0.142857 0.222222
15 2 0.133333 0.210526
16 2 0.125000 0.200000
17 2 0.117647 0.190476
18 2 0.111111 0.181818
19 2 0.105263 0.173913
20 2 0.100000 0.166667
21 2 0.095238 0.160000
22 2 0.090909 0.153846
23 2 0.086957 0.148148
24 2 0.083333 0.142857
25 2 0.080000 0.137931
26 2 0.076923 0.133333
27 2 0.074074 0.129032
28 2 0.071429 0.125000
29 2 0.068966 0.121212
30 2 0.066667 0.117647
31 2 0.064516 0.114286
32 2 0.062500 0.111111
33 2 0.060606 0.108108
34 2 0.058824 0.105263
35 2 0.057143 0.102564
36 2 0.055556 0.100000
37 2 0.054054 0.097561
38 2 0.052632 0.095238
39 2 0.051282 0.093023
40 2 0.050000 0.090909
41 2 0.048780 0.088889
42 2 0.047619 0.086957
43 2 0.046512 0.085106
44 2 0.045455 0.083333
45 2 0.044444 0.081633
46 2 0.043478 0.080000
47 2 0.042553 0.078431
48 2 0.041667 0.076923
49 2 0.040816 0.075472
50 2 0.040000 0.074074
51 2 0.039216 0.072727
52 2 0.038462 0.071429
53 2 0.037736 0.070175
54 2 0.037037 0.068966
55 2 0.036364 0.067797
56 2 0.035714 0.066667
57 2 0.035088 0.065574
58 2 0.034483 0.064516
59 2 0.033898 0.063492
60 2 0.033333 0.062500
61 2 0.032787 0.061538
62 2 0.032258 0.060606
63 2 0.031746 0.059701
64 2 0.031250 0.058824
65 2 0.030769 0.057971
66 2 0.030303 0.057143
67 2 0.029851 0.056338
68 2 0.029412 0.055556
69 2 0.028986 0.054795
70 2 0.028571 0.054054
71 2 0.028169 0.053333
72 2 0.027778 0.052632
73 2 0.027397 0.051948
74 2 0.027027 0.051282
75 2 0.026667 0.050633
76 2 0.026316 0.050000
77 2 0.025974 0.049383
78 2 0.025641 0.048780
79 2 0.025316 0.048193
80 2 0.025000 0.047619
81 2 0.024691 0.047059
82 2 0.024390 0.046512
83 2 0.024096 0.045977
84 2 0.023810 0.045455
85 2 0.023529 0.044944
86 2 0.023256 0.044444
87 2 0.022989 0.043956
88 2 0.022727 0.043478
89 2 0.022472 0.043011
90 2 0.022222 0.042553
91 2 0.021978 0.042105
92 2 0.021739 0.041667
93 2 0.021505 0.041237
94 2 0.021277 0.040816
95 2 0.021053 0.040404
96 2 0.020833 0.040000
97 2 0.020619 0.039604
98 2 0.020408 0.039216
99 2 0.020202 0.038835
100 2 0.020000 0.038462
101 2 0.019802 0.038095
102 2 0.019608 0.037736
103 2 0.019417 0.037383
104 2 0.019231 0.037037
105 2 0.019048 0.036697
106 2 0.018868 0.036364
107 2 0.018692 0.036036
108 2 0.018519 0.035714
109 2 0.018349 0.035398
110 2 0.018182 0.035088
111 2 0.018018 0.034783
112 2 0.017857 0.034483
113 2 0.017699 0.034188
114 2 0.017544 0.033898
115 2 0.017391 0.033613
116 2 0.017241 0.033333
117 2 0.017094 0.033058
118 2 0.016949 0.032787
119 2 0.016807 0.032520
120 2 0.016667 0.032258
121 2 0.016529 0.032000
122 2 0.016393 0.031746
123 2 0.016260 0.031496
124 2 0.016129 0.031250
125 2 0.016000 0.031008
126 2 0.015873 0.030769
127 2 0.015748 0.030534
128 2 0.015625 0.030303
129 2 0.015504 0.030075
130 2 0.015385 0.029851
131 2 0.015267 0.029630
132 2 0.015152 0.029412
133 2 0.015038 0.029197
134 2 0.014925 0.028986
135 2 0.014815 0.028777
136 2 0.014706 0.028571
137 2 0.014599 0.028369
138 2 0.014493 0.028169
139 2 0.014388 0.027972
140 2 0.014286 0.027778
141 2 0.014184 0.027586
142 2 0.014085 0.027397
143 2 0.013986 0.027211
144 2 0.013889 0.027027
145 2 0.013793 0.026846
146 2 0.013699 0.026667
147 2 0.013605 0.026490
148 2 0.013514 0.026316
149 2 0.013423 0.026144
150 2 0.013333 0.025974
151 2 0.013245 0.025806
152 2 0.013158 0.025641
153 2 0.013072 0.025478
154 2 0.012987 0.025316
155 2 0.012903 0.025157
156 2 0.012821 0.025000
157 2 0.012739 0.024845
158 2 0.012658 0.024691
159 2 0.012579 0.024540
160 2 0.012500 0.024390
161 2 0.012422 0.024242
162 2 0.012346 0.024096
163 2 0.012270 0.023952
164 2 0.012195 0.023810
165 2 0.012121 0.023669
166 2 0.012048 0.023529
167 2 0.011976 0.023392
168 2 0.011905 0.023256
169 2 0.011834 0.023121
170 2 0.011765 0.022989
171 2 0.011696 0.022857
172 2 0.011628 0.022727
173 2 0.011561 0.022599
174 2 0.011494 0.022472
175 2 0.011429 0.022346
176 2 0.011364 0.022222
177 2 0.011299 0.022099
178 2 0.011236 0.021978
179 2 0.011173 0.021858
180 2 0.011111 0.021739
181 2 0.011050 0.021622 SUCCESS
182 2 0.010989 0.021505 SUCCESS
183 2 0.010929 0.021390 SUCCESS
184 2 0.010870 0.021277 SUCCESS
185 2 0.010811 0.021164 SUCCESS
186 2 0.010753 0.021053 SUCCESS
187 2 0.010695 0.020942 SUCCESS
188 2 0.010638 0.020833 SUCCESS
189 2 0.010582 0.020725 SUCCESS
190 2 0.010526 0.020619 SUCCESS
cnt:190 reach:2 freq:0.010526 lap:0.020619
0 0
1 0
2 0
3 0
4 0
5 1
6 1
7 1
8 1
9 1
10 2
11 2
12 2
13 2
14 2
15 2
16 2
17 2
18 2
19 2
20 2
21 2
22 2
23 2
24 2
25 2
26 2
27 2
28 2
29 2
30 2
31 2
32 2
33 2
34 2
35 2
36 2
37 2
38 2
39 2
40 2
41 2
42 2
43 2
44 2
45 2
46 2
47 2
48 2
49 2
50 2
51 2
52 2
53 2
54 2
55 2
56 2
57 2
58 2
59 2
60 2
61 2
62 2
63 2
64 2
65 2
66 2
67 2
68 2
69 2
70 2
71 2
72 2
73 2
74 2
75 2
76 2
77 2
78 2
79 2
80 2
81 2
82 2
83 2
84 2
85 2
86 2
87 2
88 2
89 2
90 2
91 2
92 2
93 2
94 2
95 2
96 2
97 2
98 2
99 2
100 2
101 2
102 2
103 2
104 2
105 2
106 2
107 2
108 2
109 2
110 2
111 2
112 2
113 2
114 2
115 2
116 2
117 2
118 2
119 2
120 2
121 2
122 2
123 2
124 2
125 2
126 2
127 2
128 2
129 2
130 2
131 2
132 2
133 2
134 2
135 2
136 2
137 2
138 2
139 2
140 2
141 2
142 2
143 2
144 2
145 2
146 2
147 2
148 2
149 2
150 2
151 2
152 2
153 2
154 2
155 2
156 2
157 2
158 2
159 2
160 2
161 2
162 2
163 2
164 2
165 2
166 2
167 2
168 2
169 2
170 2
171 2
172 2
173 2
174 2
175 2
176 2
177 2
178 2
179 2
180 2
181 2
182 2
183 2
184 2
185 2
186 2
187 2
188 2
189 2
./a.out  97.34s user 37.00s system 97% cpu 2:17.77 total
